	CMAC AES-128	CMAC AES-192	CMAC AES-256
1	352.360817477	745.712155108	795.54494829	
2	353.107344633	201.897839693	262.123197903	
3	167.364016736	160.539412426	176.647235471	
4	137.47594171	125.28188424	160.77170418	
5	115.700566933	113.494495517	137.457044674	
6	116.604477612	122.219506233	116.279069767	
7	90.8017797149	125.407574617	103.284445363	
8	90.5059281383	108.318890815	79.1452314998	
9	67.2811680011	66.6089389196	101.347927435	
10	66.0458358101	72.5689404935	107.95638562	
11	65.8241179568	67.8334011667	71.6178471675	
12	75.6258035242	56.5770862801	53.581953598	
13	50.981391792	54.0394487976	60.0961538461	
14	63.2671137543	59.7550044816	60.3755358329	
15	56.7150635209	55.9159024827	59.7121872574	
16	55.6390140767	55.1815472906	47.0123642518	
17	46.985857257	55.6637907041	52.5872949095	
18	47.1720364168	47.3417601666	38.2921692514	
19	42.1567387547	46.4511334076	44.8833034111	
20	45.4277018126	38.2687229727	45.8631443772	
21	46.7683097933	34.716195105	34.9418218666	
22	39.2587939698	39.1926317852	43.5331504941	
23	37.203765021	40.1107055473	40.8814030497	
24	34.4756257326	33.679105483	26.7960020365	
25	30.8632449616	30.2947680936	28.9670355136	
26	32.7375106397	29.9508805559	32.6136586002	
27	29.9607514156	25.8044538487	31.7248818248	
28	25.7958004437	33.1807021037	29.0537203289	
29	30.5819749839	24.5609726145	24.9003984064	
30	32.4285760612	28.9888682746	33.666633	
31	27.6243093923	26.4431340402	25.0168863983	
32	23.7863038462	24.75002475	24.2430119518	
33	21.8799229827	22.570815935	24.8286820936	
34	24.2742013788	19.9373965748	26.7272484298	
35	22.5937641211	20.4252537838	22.9079330172	
36	24.1995982867	23.4389649353	23.5371651838	
37	23.6116358141	25.7367134217	21.5109275512	
38	20.2404566247	21.8073970691	20.7210940738	
39	19.4719214892	21.2729748128	20.3425688596	
40	20.5284010428	20.7412938419	23.3241591641	
41	19.7710512268	21.2530816968	22.3010191566	
42	20.8003993677	18.7962858539	18.8047688894	
43	19.0150218673	18.1018409572	17.5162024873	
44	17.7364715064	20.3537481427	19.0941724586	
45	19.2938452634	19.7620647405	20.7628262359	
46	16.2887672661	18.2832068745	19.7495753841	
47	18.9476476495	18.3813392644	14.1872144823	
48	19.3315161708	15.816528272	19.8239632067	
49	18.5676885085	19.3121028949	19.0458051614	
50	18.9738919247	18.3415564645	15.8664678069	
51	15.5344632066	17.9352894756	15.6870127222	
52	16.8316165085	15.2590218967	15.9225527036	
53	14.509155277	20.5718987863	13.0618216016	
54	16.5477983154	16.6486306501	16.0890690865	
55	15.1233307624	15.4249575814	14.9198060425	
56	15.9933467677	15.1563376226	12.6473415288	
57	11.5466774436	14.8260166941	10.4877869721	
58	16.2670397241	17.6062537413	14.6629715978	
59	15.4361483723	13.4750912937	15.8105266486	
60	14.8546472764	13.1719332446	15.6749639476	
61	16.5560172845	14.9153553583	15.017946446	
62	15.5019532461	13.3736325461	14.5677034016	
63	13.9256370979	13.7309825891	14.8718787644	
64	13.0956902084	13.6602691073	12.1194492922	
65	12.8605784688	12.6039828586	13.7112144023	
66	14.3851775131	14.5298151808	12.7995084989	
67	14.0974131247	11.701654614	13.428406451	
68	13.0354302996	13.1960939562	12.3699607872	
69	14.6715767544	11.9620086605	13.2888599487	
70	10.9700845794	11.885518684	11.2753554556	
71	12.5514609901	13.9682362308	13.827242433	
72	13.916334994	13.1083933042	12.2869745782	
73	13.9330100875	11.8715498308	11.8937177383	
74	11.8732412761	10.127607859	11.0141862719	
75	12.1362168985	12.0751071666	12.3376062576	
76	11.7057639182	12.6316853195	10.2335291349	
77	12.1549513194	10.5637894425	11.4769714568	
78	11.7497767542	11.9771954199	11.4543601022	
79	11.0593777994	10.4104854409	12.3430884876	
80	11.753505483	11.5175527504	9.14728965807	
81	10.7502606938	10.7716833987	12.1672263591	
82	10.5527532133	9.83777508879	10.559327582	
83	10.7511853182	10.6711058467	10.5218855219	
84	12.272046732	10.9059579248	8.83798211192	
85	8.57846291102	10.31725561	10.8080065713	
86	11.8990956687	10.1342791994	9.93028936863	
87	9.54043714283	11.3892622036	8.79198171268	
88	8.10720974162	8.98819849538	9.44090934839	
89	9.18476064514	9.37831171632	9.94016023538	
90	9.8227002603	9.61797406994	11.5713955103	
91	10.9410387422	9.41194187185	9.17010545621	
92	10.5933325565	9.42356078668	9.71892858531	
93	8.52609411103	9.21879897487	10.5470768776	
94	10.3847551794	10.6645053269	8.53701221646	
95	8.44901442247	9.92083176254	9.3895831964	
96	8.66656266791	8.34056182024	8.89766792124	
97	10.4260066309	8.51875830579	9.29532166461	
98	10.0189357886	9.19371150133	9.47193937959	
99	10.2207686018	7.43903709104	9.39699484105	
100	7.96863545087	9.39161141269	7.48222970445	
101	9.52172381288	7.36431254142	9.32792313791	
102	8.45794708708	9.72563970395	8.80413442152	
103	7.39863865049	9.44518956495	8.42971305257	
104	8.20250340404	9.07836444186	8.34724540902	
105	7.95791852683	8.23214653221	8.3858145561	
106	8.4634590157	7.81451467957	7.63556953713	
107	8.1560746444	7.85576809773	7.69876280882	
108	7.21865299935	7.19108880276	7.79891283155	
109	8.47098686997	8.09959259049	7.59797589922	
110	7.05283277028	7.94073038838	8.9063849874	
111	8.35743059154	8.71953612068	8.04822496398	
112	7.22068582074	7.90276438698	8.03839135712	
113	7.56578449619	7.68485929023	7.47876032069	
114	7.5713409602	7.8919123682	8.09126952019	
115	7.38317964014	7.81085239832	7.62828874599	
116	7.13831921136	6.59087164277	7.60948141384	
117	6.8018419388	8.00749501533	7.22219814823	
118	7.29155273616	7.05566923023	7.68474117792	
119	8.50824874716	7.37066328599	7.23133772517	
120	7.67654125757	7.68781327839	7.62857971103	
121	7.17869936325	7.09365756077	6.99672553245	
122	7.40055504163	6.59778578309	7.45001043001	
123	6.72703055417	6.98109519421	7.06389291138	
124	6.88923488157	7.45834514238	6.4639569759	
125	7.74107647409	7.35829758427	7.01163932127	
126	6.90335986525	7.63160706382	6.650395366	
127	6.24262589816	6.56887796995	6.62510517354	
128	7.03799107583	6.65703615436	6.43463377282	
