	CMAC AES-128	CMAC AES-192	CMAC AES-256
1	3095.9752322	3257.32899023	3322.25913621	
2	3246.75324675	3333.33333333	3322.25913621	
3	3257.32899023	3355.70469799	3344.48160535	
4	3289.47368421	3333.33333333	3278.68852459	
5	3278.68852459	3367.003367	3367.003367	
6	3267.97385621	3333.33333333	3344.48160535	
7	3289.47368421	3344.48160535	3367.003367	
8	3289.47368421	3367.003367	3355.70469799	
9	3311.25827815	3344.48160535	3355.70469799	
10	1547.9876161	1579.77883096	2217.29490022	
11	3205.12820513	3246.75324675	3333.33333333	
12	3267.97385621	3344.48160535	3344.48160535	
13	3257.32899023	3333.33333333	3344.48160535	
14	3289.47368421	3344.48160535	3355.70469799	
15	3300.330033	3367.003367	3367.003367	
16	3300.330033	3344.48160535	3355.70469799	
17	3278.68852459	3344.48160535	1776.19893428	
18	3184.7133758	3322.25913621	3355.70469799	
19	3278.68852459	3333.33333333	3344.48160535	
20	3267.97385621	3344.48160535	3344.48160535	
21	3267.97385621	3367.003367	3367.003367	
22	3278.68852459	3344.48160535	3344.48160535	
23	2631.57894737	3105.59006211	3322.25913621	
24	1915.70881226	3039.51367781	3300.330033	
25	2898.55072464	2832.8611898	3257.32899023	
26	3278.68852459	3333.33333333	3355.70469799	
27	3300.330033	3367.003367	3344.48160535	
28	1506.02409639	1697.79286927	1663.89351082	
29	1642.03612479	1736.11111111	2293.57798165	
30	3205.12820513	3344.48160535	3355.70469799	
31	3278.68852459	3333.33333333	3355.70469799	
32	2949.85250737	3246.75324675	3300.330033	
33	3278.68852459	3367.003367	3355.70469799	
34	3289.47368421	3355.70469799	3367.003367	
35	3267.97385621	2032.5203252	1739.13043478	
36	1766.7844523	2040.81632653	3194.88817891	
37	3095.9752322	3344.48160535	3378.37837838	
38	3278.68852459	3344.48160535	3322.25913621	
39	3278.68852459	2898.55072464	3636.36363636	
40	3676.47058824	3745.31835206	3731.34328358	
41	3676.47058824	3731.34328358	3773.58490566	
42	3676.47058824	3731.34328358	3787.87878788	
43	3703.7037037	3731.34328358	3759.39849624	
44	3690.03690037	3759.39849624	3802.28136882	
45	3703.7037037	3787.87878788	3787.87878788	
46	3676.47058824	3745.31835206	3773.58490566	
47	3703.7037037	3787.87878788	3802.28136882	
48	3663.003663	3759.39849624	2439.02439024	
49	2801.12044818	2915.45189504	3436.42611684	
50	3649.6350365	3731.34328358	3378.37837838	
51	3663.003663	3773.58490566	3745.31835206	
52	3636.36363636	3759.39849624	3759.39849624	
53	3703.7037037	3773.58490566	3787.87878788	
54	3703.7037037	3745.31835206	3787.87878788	
55	3690.03690037	3731.34328358	3745.31835206	
56	3649.6350365	3773.58490566	3322.25913621	
57	3690.03690037	3759.39849624	3759.39849624	
58	3636.36363636	3759.39849624	3745.31835206	
59	3676.47058824	3745.31835206	3759.39849624	
60	3676.47058823	3731.34328358	3745.31835206	
61	3690.03690037	3759.39849624	3802.28136882	
62	3703.7037037	3745.31835206	3759.39849624	
63	3690.03690037	3745.31835206	3773.58490566	
64	3690.03690037	2680.96514745	3424.65753425	
65	3636.36363636	3731.34328358	3412.96928328	
66	3676.47058824	3745.31835206	3773.58490566	
67	3663.003663	3663.003663	3759.39849624	
68	3676.47058824	3745.31835206	3731.34328358	
69	3717.47211896	3787.87878788	3759.39849624	
70	3690.03690037	3759.39849624	3759.39849624	
71	3690.03690037	3745.31835206	3787.87878788	
72	3717.47211896	3773.58490566	3787.87878788	
73	3703.7037037	3759.39849624	3773.58490566	
74	3717.47211896	3745.31835206	3773.58490566	
75	3663.003663	3759.39849624	3787.87878788	
76	3676.47058824	3773.58490566	3745.31835206	
77	3690.03690037	3802.28136882	3787.87878788	
78	3690.03690037	3787.87878788	3802.28136882	
79	3703.7037037	3745.31835206	2816.90140845	
80	3597.12230216	3731.34328358	3745.31835206	
81	2824.85875706	2923.97660819	3333.33333333	
82	3676.47058824	3773.58490566	3787.87878788	
83	3690.03690037	3773.58490566	3787.87878788	
84	3663.003663	3759.39849624	3816.79389313	
85	3690.03690037	3759.39849624	3773.58490566	
86	3663.003663	3731.34328358	3773.58490566	
87	3676.47058823	3731.34328358	3759.39849624	
88	3703.7037037	3787.87878788	3205.12820513	
89	3636.36363636	3745.31835206	3759.39849624	
90	3649.6350365	3759.39849624	3773.58490566	
91	3636.36363636	3731.34328358	3731.34328358	
92	3636.36363636	3703.7037037	3745.31835206	
93	3676.47058824	3759.39849624	3773.58490566	
94	3703.7037037	3745.31835206	3759.39849624	
95	3676.47058824	1776.19893428	1834.86238532	
96	1883.23917137	1636.66121113	1589.82511924	
97	2380.95238095	2732.24043716	2762.43093923	
98	2724.79564033	2785.51532033	2816.90140845	
99	2739.7260274	2777.77777778	2793.29608939	
100	2717.39130435	2793.29608939	2808.98876404	
