	HMAC SHA-224	HMAC SHA-256	HMAC SHA-384	HMAC SHA-512	CMAC AES-192
1	29411.7647059	52631.5789474	50000.0000001	55555.5555557	2915.45189504	
2	40000.0	55555.5555555	52631.5789474	58823.5294118	3076.92307692	
3	43478.2608696	52631.5789474	55555.5555555	62500.0000002	2923.97660819	
4	45454.5454545	58823.5294118	55555.5555555	58823.5294118	3154.57413249	
5	43478.2608696	55555.5555557	58823.5294116	58823.5294118	3184.7133758	
6	43478.2608696	55555.5555555	62499.9999999	62499.9999999	3184.7133758	
7	43478.2608696	62499.9999999	62500.0000002	58823.5294118	3194.88817891	
8	47619.0476191	58823.5294118	55555.5555555	62499.9999999	3184.7133758	
9	45454.5454545	55555.5555555	52631.5789474	62499.9999999	3215.4340836	
10	47619.0476189	58823.5294116	58823.5294118	62500.0000002	3205.12820513	
11	45454.5454545	62500.0000002	62499.9999999	62500.0000002	3184.7133758	
12	47619.0476191	58823.5294116	62500.0000002	62500.0000002	3215.4340836	
13	50000.0000001	58823.5294118	58823.5294118	58823.5294118	3205.12820513	
14	47619.0476191	58823.5294116	55555.5555555	62500.0000002	3205.12820513	
15	47619.0476191	58823.5294118	55555.5555555	66666.6666667	3236.24595469	
16	45454.5454545	62499.9999999	62499.9999999	58823.5294118	3225.80645161	
17	45454.5454545	58823.5294118	62499.9999999	62499.9999999	3215.4340836	
18	47619.0476191	38461.5384615	58823.5294118	58823.5294118	3174.6031746	
19	45454.5454546	55555.5555557	58823.5294116	62499.9999999	3205.12820513	
20	23809.5238095	32258.0645161	47619.0476191	62499.9999999	3134.79623824	
21	45454.5454545	55555.5555555	58823.5294118	62500.0000002	3205.12820513	
22	47619.0476191	58823.5294118	58823.5294118	58823.5294116	3215.4340836	
23	45454.5454546	55555.5555555	58823.5294118	62500.0000002	2597.4025974	
24	23809.5238095	31250.0	31250.0	32258.0645161	2777.77777778	
25	41666.6666668	58823.5294116	58823.5294116	58823.5294116	2673.79679144	
26	45454.5454544	58823.529412	58823.5294116	62499.9999999	3184.7133758	
27	45454.5454546	58823.5294116	58823.5294116	62499.9999999	3174.6031746	
28	43478.2608696	55555.5555557	62500.0000004	62500.0000004	3154.57413249	
29	47619.0476189	55555.5555557	58823.529412	62499.9999999	3194.88817891	
30	47619.0476189	58823.529412	58823.5294116	62499.9999999	3205.12820513	
31	45454.5454546	58823.5294116	58823.529412	58823.529412	3174.6031746	
32	47619.0476192	55555.5555557	58823.529412	66666.6666662	3194.88817891	
33	47619.0476192	55555.5555553	62499.9999999	62499.9999999	3236.24595469	
34	47619.0476189	55555.5555553	62499.9999999	62499.9999999	3194.88817891	
35	47619.0476192	58823.529412	58823.5294116	62499.9999999	3194.88817891	
36	47619.0476192	55555.5555557	58823.529412	62499.9999999	3215.4340836	
37	47619.0476189	55555.5555553	58823.5294116	62499.9999999	2915.45189504	
38	43478.2608696	58823.529412	62499.9999999	62499.9999999	3205.12820513	
39	47619.0476189	55555.5555557	58823.5294116	62499.9999999	3215.4340836	
40	45454.5454546	55555.5555553	58823.529412	66666.6666667	3086.41975309	
41	47619.0476189	58823.5294116	55555.5555557	62499.9999999	3215.4340836	
42	47619.0476192	58823.529412	58823.529412	62499.9999999	3215.4340836	
43	47619.0476189	58823.5294116	62499.9999999	58823.529412	3215.4340836	
44	47619.0476189	58823.5294116	58823.5294116	62499.9999999	3236.24595469	
45	49999.9999999	58823.529412	55555.5555557	62499.9999999	3194.88817891	
46	47619.0476189	58823.5294116	55555.5555553	66666.6666667	3215.4340836	
47	45454.5454546	58823.529412	58823.5294116	62499.9999999	3205.12820513	
48	47619.0476192	58823.529412	55555.5555557	62499.9999999	3225.80645161	
49	47619.0476189	62499.9999999	55555.5555557	66666.6666662	3194.88817891	
50	47619.0476192	62499.9999999	58823.5294116	62499.9999999	3215.4340836	
51	47619.0476192	58823.529412	55555.5555557	66666.6666667	3215.4340836	
52	47619.0476189	58823.5294116	55555.5555553	62499.9999999	3184.7133758	
53	37037.037037	55555.5555557	55555.5555557	58823.529412	3086.41975309	
54	45454.5454546	58823.5294116	55555.5555557	62499.9999999	3194.88817891	
55	30303.030303	33333.3333332	52631.5789474	55555.5555557	3076.92307692	
56	43478.2608696	58823.529412	58823.529412	58823.529412	3205.12820513	
57	43478.2608696	55555.5555553	58823.5294116	58823.5294116	3174.6031746	
58	45454.5454544	58823.529412	55555.5555557	62499.9999999	3205.12820513	
59	47619.0476192	58823.5294116	62499.9999999	58823.529412	3194.88817891	
60	47619.0476189	58823.5294116	58823.5294116	58823.529412	2958.57988166	
61	27027.027027	52631.5789474	55555.5555553	62499.9999999	3144.65408805	
62	37037.037037	43478.2608696	52631.5789474	62499.9999999	3184.7133758	
63	45454.5454546	58823.529412	55555.5555557	62499.9999999	3246.75324675	
64	43478.2608696	58823.5294116	58823.5294116	58823.529412	3257.32899023	
65	45454.5454544	58823.5294116	62499.9999999	58823.5294116	3236.24595469	
66	45454.5454546	55555.5555553	58823.5294116	62500.0000004	3246.75324675	
67	47619.0476189	58823.5294116	52631.5789474	30303.0303031	2583.97932817	
68	43478.2608696	58823.5294116	58823.5294116	62500.0000004	3194.88817891	
69	43478.2608694	62499.9999999	62499.9999999	58823.5294116	3236.24595469	
70	45454.5454544	55555.5555553	58823.5294116	66666.6666667	3236.24595469	
71	47619.0476189	55555.5555557	55555.5555557	62499.9999999	3225.80645161	
72	47619.0476192	58823.5294116	55555.5555557	62499.9999999	3236.24595469	
73	47619.0476189	58823.5294116	55555.5555553	26315.7894737	3095.9752322	
74	43478.2608696	58823.5294116	62499.9999999	62499.9999999	3174.6031746	
75	45454.5454546	55555.5555557	58823.5294116	62499.9999999	3194.88817891	
76	47619.0476189	58823.529412	58823.5294116	62499.9999999	3215.4340836	
77	47619.0476189	58823.5294116	55555.5555557	62499.9999999	3225.80645161	
78	47619.0476189	58823.529412	58823.5294116	62499.9999999	3215.4340836	
79	45454.5454546	62500.0000004	62500.0000004	58823.5294116	3225.80645161	
80	45454.5454544	58823.5294116	62499.9999999	62499.9999999	3225.80645161	
81	45454.5454546	55555.5555557	62499.9999999	62499.9999999	3205.12820513	
82	43478.2608696	55555.5555557	58823.5294116	62499.9999999	3205.12820513	
83	47619.0476189	58823.5294116	58823.5294116	62499.9999999	3246.75324675	
84	45454.5454546	58823.529412	58823.529412	62499.9999999	3134.79623824	
85	45454.5454546	58823.5294116	58823.5294116	62499.9999999	3184.7133758	
86	45454.5454546	58823.5294116	58823.5294116	58823.5294116	3105.59006211	
87	45454.5454546	58823.529412	55555.5555557	66666.6666667	1329.78723404	
88	12500.0	25641.0256411	30303.030303	33333.3333334	1923.07692308	
89	41666.6666666	55555.5555557	55555.5555557	58823.5294116	3067.48466258	
90	45454.5454544	58823.5294116	58823.5294116	58823.5294116	3174.6031746	
91	47619.0476189	58823.529412	55555.5555557	62499.9999999	3246.75324675	
92	45454.5454546	55555.5555557	58823.529412	62500.0000004	3205.12820513	
93	47619.0476192	58823.5294116	55555.5555557	62499.9999999	3246.75324675	
94	45454.5454546	58823.5294116	62500.0000004	58823.5294116	3225.80645161	
95	45454.5454546	62499.9999999	62499.9999999	62499.9999999	3236.24595469	
96	43478.2608696	55555.5555557	62499.9999999	62499.9999999	3225.80645161	
97	47619.0476189	58823.5294116	62500.0000004	62500.0000004	3225.80645161	
98	45454.5454544	62499.9999999	58823.5294116	62499.9999999	3267.97385621	
99	47619.0476192	62500.0000004	58823.5294116	66666.6666667	3225.80645161	
100	45454.5454546	62499.9999999	58823.5294116	62499.9999999	3236.24595469	
