	HMAC SHA-224	HMAC SHA-256	HMAC SHA-384	HMAC SHA-512	CMAC AES-256
1	13698.6301369	19999.9999993	16666.6666663	23809.5238092	509.683995923	
2	11764.7058826	13513.5135132	16666.6666673	17857.1428569	288.18443804	
3	11111.1111111	12345.6790127	16393.4426223	16666.6666673	203.998368013	
4	5780.3468208	6666.6666666	9174.31192644	9174.31192644	122.609122119	
5	8196.72131164	11235.9550558	15384.6153848	16666.6666663	146.52014652	
6	5714.28571421	4587.1559633	6578.94736842	6896.55172415	85.0123267874	
7	3891.05058364	4484.3049327	5181.34715027	6060.60606064	87.0019140421	
8	6896.55172415	7692.30769218	10989.0109893	11111.1111111	73.6865374696	
9	3300.33003302	3322.25913621	4098.3606557	4255.31914894	68.2687056253	
10	3745.31835205	4115.22633743	5714.28571433	5847.95321632	84.803256445	
11	3205.12820515	5494.50549454	8264.46280991	8547.00854705	87.9198171268	
12	4950.49504955	5319.14893613	7874.01574787	7999.99999996	75.7633154027	
13	2739.72602738	2898.55072464	4255.31914894	2207.50551876	53.0054065515	
14	4329.00432902	4629.62962959	6802.72108835	6944.4444445	65.5179191509	
15	4081.63265307	4329.00432902	6410.25641024	6535.94771253	61.1471199707	
16	4310.34482764	4629.62962967	6802.72108835	6896.55172415	62.5039064942	
17	4149.37759338	3831.41762455	5681.81818183	5813.9534884	53.4045393858	
18	2053.38809035	2145.92274678	3095.97523222	1912.0458891	50.9787928222	
19	3717.47211897	3937.00787399	5847.95321632	5917.15976333	47.9915534866	
20	3584.22939065	3745.31835205	4424.77876103	5617.97752803	52.4191434712	
21	1788.90876566	1855.28756957	2777.77777777	2808.98876404	33.2612672543	
22	2770.08310248	2881.84438042	4545.45454548	4608.29493089	39.0838739936	
23	1912.0458891	2092.0502092	3649.63503648	3690.0369004	40.3697872512	
24	2564.10256411	3012.0481928	4716.98113205	4784.68899526	42.0503763509	
25	2801.12044817	2702.7027027	4291.8454936	4608.29493082	28.3398514992	
26	2074.68879667	2386.63484486	3891.05058364	3937.00787399	26.6965668215	
27	2008.03212851	2079.00207901	3134.79623823	3164.55696201	28.2597637484	
28	1362.39782016	1404.49438202	2127.65957447	2141.32762312	31.1071017513	
29	1620.74554295	1798.56115108	2710.02710028	2070.39337474	27.7154180871	
30	1818.18181818	1879.69924812	2840.90909091	2865.32951289	26.7637297934	
31	1240.69478909	1275.51020408	1560.0624025	1404.49438202	23.0872235305	
32	1184.83412322	1236.09394314	1876.17260788	1869.15887849	30.1286493326	
33	1517.45068285	1709.40170941	2604.16666666	2617.80104711	32.0893367134	
34	2173.91304348	2252.25225224	3401.36054421	3448.27586207	26.0314981127	
35	2118.64406779	2183.40611355	3311.25827817	3333.33333334	26.8636668905	
36	1158.74855157	1103.75275938	2127.65957447	2298.85057472	20.9696359671	
37	1538.46153846	1760.56338029	2531.64556961	2288.32951944	26.3213308065	
38	1652.89256198	1992.03187251	2808.98876404	3076.92307692	19.9449519327	
39	1176.47058824	1329.78723405	2118.6440678	2012.07243461	21.4841232329	
40	1335.11348464	1422.47510668	2169.19739696	2183.40611353	25.5128074293	
41	794.912559618	907.441016334	1342.28187919	946.073793756	18.7835756415	
42	1584.78605389	1623.37662337	1689.1891892	2469.13580247	21.5670627817	
43	1550.38759689	1449.27536231	2403.84615384	2439.02439025	17.6759642238	
44	728.332119446	803.212851407	2298.85057472	2369.66824646	17.6304654443	
45	1468.4287812	1506.02409638	2298.85057472	2325.58139536	20.809489127	
46	1587.3015873	1455.60407569	2277.90432802	2272.72727272	19.2815687484	
47	1310.61598952	1633.9869281	2499.99999998	2525.25252526	21.7575770762	
48	1054.85232068	1136.36363636	1367.98905609	1438.84892086	15.8302991927	
49	1175.08813161	1297.01686122	2386.63484486	2415.4589372	15.2100508016	
50	1121.07623318	1144.16475973	1709.40170941	2114.16490485	16.3492193248	
51	1479.28994082	1512.85930409	2314.81481481	2331.002331	15.0631900824	
52	1248.43945069	1388.88888889	1992.03187251	2277.90432802	13.4210173131	
53	1042.75286757	1075.2688172	1647.44645799	1897.53320682	19.2377984263	
54	1039.5010395	1253.13283208	2028.39756591	2150.53763442	16.8160492374	
55	816.326530614	724.637681159	1117.31843575	1123.59550562	15.1846452867	
56	1353.17997293	1379.31034483	2109.70464135	2127.65957447	16.5248285549	
57	1328.02124834	1356.85210313	2083.33333332	2087.68267224	13.3014099495	
58	1305.48302872	1335.11348465	2049.18032787	2053.38809035	18.4182414263	
59	1288.65979382	1312.33595801	2008.03212851	2024.29149798	14.7915865456	
60	1126.12612613	926.784059314	1733.10225303	1440.9221902	16.0970976933	
61	1172.33294256	1261.03404792	1934.23597679	1848.4288355	13.7589433132	
62	883.39222615	1138.95216401	1165.5011655	982.318271118	15.5209610579	
63	896.057347671	682.128240109	967.117988397	1283.6970475	17.0561146171	
64	618.811881189	627.746390458	1137.65642776	1319.26121372	13.615816132	
65	603.500301751	587.889476778	840.336134453	942.507068803	13.4546041655	
66	809.061488674	977.517106549	1584.78605388	1594.89633173	14.0378460329	
67	1129.94350282	990.0990099	1474.92625369	1552.79503105	16.003584803	
68	802.5682183	834.028356964	1295.33678757	1303.7809648	12.0638903634	
69	821.692686935	833.333333333	1280.40973111	1360.54421768	15.7022846824	
70	1090.51254089	1108.64745011	1700.68027212	1715.26586621	12.8118073617	
71	1075.2688172	1092.89617486	1677.852349	1689.1891892	15.5202383909	
72	1061.57112526	1077.5862069	1658.37479271	1319.26121372	13.9157540251	
73	585.137507314	597.014925374	885.739592561	914.076782451	11.5970265224	
74	1034.12616339	1049.31794334	1612.9032258	1623.37662337	10.1584721658	
75	1013.17122594	1033.05785124	1589.82511924	1600.0	11.6648002986	
76	740.740740741	831.946755408	1515.15151515	1577.28706625	10.1371557168	
77	998.003992016	1010.1010101	1550.3875969	1560.0624025	10.9514631155	
78	734.753857458	919.117647059	1533.74233129	1538.46153846	10.8444579398	
79	855.431993156	803.212851405	769.822940724	1333.33333333	11.3966607784	
80	790.513833992	861.326442722	1326.25994695	1335.11348465	10.3893945061	
81	916.590284144	642.673521851	751.314800901	766.871165644	12.2292744371	
82	937.207122775	948.766603416	1457.72594753	1466.27565983	10.5358535095	
83	665.778961384	738.007380074	780.640124903	1119.82082867	11.3413403196	
84	675.675675677	681.198910082	1053.74077977	1044.93207942	9.61113353709	
85	468.823253633	472.58979206	845.308537618	1047.12041885	9.61547707189	
86	465.983224604	556.483027268	1030.92783505	1036.26943005	8.97964314898	
87	481.695568401	628.140703517	886.524822694	971.817298349	9.2727390744	
88	644.329896907	753.579502638	1006.0362173	596.302921884	9.13050226893	
89	447.027268663	442.477876106	685.871056242	814.332247556	9.130752374	
90	853.970964985	529.100529101	686.341798215	689.655172413	9.27523327212	
91	803.212851405	815.660685156	1264.22250316	1066.09808103	11.1444205459	
92	678.886625933	813.008130082	1272.26463104	1308.90052356	10.2311210239	
93	501.002004008	594.530321047	946.969696971	855.431993156	9.03709728435	
94	818.330605563	821.018062396	641.436818473	937.207122775	8.37086270111	
95	756.429652041	814.332247556	1262.62626263	1267.42712294	9.42675879752	
96	384.319754035	542.888165038	888.099467138	925.925925927	10.5617811388	
97	664.451827242	801.924619086	1102.53583241	1046.0251046	9.55000382	
98	691.562932226	789.265982637	1225.49019608	1231.5270936	9.25557416954	
99	577.700751011	684.931506849	1131.22171946	1207.7294686	9.94272987591	
100	425.894378195	424.088210348	591.715976331	618.811881189	9.7237483105	
101	627.746390458	661.375661375	874.890638671	968.054211036	9.90864231783	
102	617.283950616	740.192450037	1176.47058824	1182.03309693	8.3646309943	
103	538.2131324	549.752611325	863.557858376	1082.25108225	8.29352441614	
104	390.472471691	379.794910748	598.802395209	601.684717208	6.87748449127	
105	634.920634921	638.162093171	997.00897308	1015.2284264	7.5249640683	
106	519.480519481	362.844702468	572.40984545	945.179584121	7.20481858267	
107	529.941706412	643.915003219	1124.85939258	1128.66817156	7.18654104593	
108	482.392667632	501.253132832	773.395204952	1071.8113612	8.65710921809	
109	707.714083511	654.022236755	862.068965518	898.472596586	8.09565829845	
110	545.256270447	440.334654337	781.860828772	821.692686935	7.23489534724	
111	390.472471691	510.986203372	800.640512409	804.505229285	7.79879118737	
112	685.400959561	692.041522491	1072.96137339	1077.5862069	6.952749117	
113	549.752611325	420.521446594	555.555555556	911.577028258	7.37479442761	
114	370.644922165	668.449197861	1012.14574899	846.023688663	6.89469728832	
115	670.690811535	679.347826087	998.003992016	859.845227858	9.13909705721	
116	613.496932516	498.753117207	730.994152047	703.234880451	7.37207605034	
117	454.545454545	506.585612968	752.445447706	763.941940411	7.33535789211	
118	518.672199169	538.213132401	880.281690142	715.307582261	7.0522359114	
119	363.636363636	328.299409061	535.331905781	699.790062982	7.0334369593	
120	643.915003219	650.618087183	1004.01606426	520.833333334	7.33116330899	
121	332.225913621	287.108814241	529.380624669	722.02166065	7.31138455689	
122	308.641975309	329.055610398	511.508951406	622.665006227	6.28448611757	
123	629.326620516	500.5005005	744.047619048	711.237553343	7.19678159927	
124	573.723465291	465.983224604	523.560209424	530.222693532	6.22374358176	
125	454.752160073	462.534690101	826.446280991	968.992248063	6.72101729318	
126	416.840350146	513.347022588	944.287063266	959.692898271	6.65796692322	
127	492.125984252	556.79287305	641.025641027	644.329896909	5.88526095247	
128	312.402374258	318.775900542	449.034575662	474.383301708	6.60833707806	
