	HMAC SHA-224	HMAC SHA-256	HMAC SHA-384	HMAC SHA-512	CMAC AES-128
1	23255.8139535	35714.2857144	41666.6666666	45454.5454546	1083.42361863	
2	23255.8139535	25641.025641	33333.3333334	34482.7586208	558.659217877	
3	18181.8181818	19607.8431372	27027.027027	26315.7894737	374.251497006	
4	9615.38461539	11494.2528736	18181.8181818	18867.9245283	125.125125125	
5	6451.61290323	7874.01574803	10752.688172	11363.6363636	164.31153467	
6	9615.38461539	11111.1111111	14285.7142857	11904.7619048	173.190162799	
7	8928.57142857	9803.92156863	13698.630137	14285.7142857	145.053669858	
8	6410.25641026	8474.57627119	12195.1219512	12500.0	119.976004799	
9	4405.28634361	5154.63917526	5714.28571429	8064.51612903	124.269914254	
10	6756.75675676	7194.24460432	10416.6666667	10416.6666667	100.633994163	
11	2816.90140845	3355.70469799	4901.96078431	5000.0	58.8408355399	
12	4149.37759336	4444.44444444	6666.66666667	7936.50793651	78.1677479872	
13	5128.2051282	5617.97752809	8196.72131147	8403.36134454	84.7098686997	
14	3663.003663	2597.4025974	3484.32055749	3906.25	59.7800095648	
15	4629.62962963	4901.96078431	7194.24460432	7407.40740741	69.3625580911	
16	4347.82608696	4629.62962963	6802.72108843	6993.00699301	68.7899841783	
17	4132.23140496	4366.81222707	6410.25641025	6622.51655629	45.8190148912	
18	3906.25	4132.23140496	6134.96932516	4566.21004566	59.5912043382	
19	3717.47211896	3921.56862745	5847.95321637	5917.15976331	54.5851528384	
20	2105.26315789	1923.07692308	2898.55072464	2824.85875706	40.5663056265	
21	3389.83050848	3571.42857143	5347.59358289	5376.34408602	34.4934634887	
22	2415.4589372	2525.25252525	3787.87878788	3831.41762452	44.3773852845	
23	2832.8611898	3267.97385621	4950.4950495	5000.0	35.4032429371	
24	3003.003003	3144.65408805	4739.33649289	2994.01197605	30.3444090426	
25	2645.5026455	3030.3030303	4545.45454545	4608.29493088	35.3932186593	
26	1607.7170418	1526.71755725	2500.0	3105.59006211	29.8445101024	
27	1996.00798403	2074.68879668	3086.41975309	3174.6031746	38.844002486	
28	2597.4025974	2695.41778976	4065.04065041	4098.36065574	36.1089044558	
29	2512.56281407	2331.002331	2915.45189504	3205.12820513	25.7898130239	
30	2347.41784038	2439.02439025	3831.41762452	3875.96899225	32.5966490645	
31	2364.06619385	2457.002457	3717.47211896	3745.31835206	28.8650271331	
32	2298.85057471	2380.95238095	3610.10830325	2816.90140845	25.5180157191	
33	1524.3902439	1700.68027211	2604.16666667	2624.67191601	29.6920929956	
34	1615.5088853	1663.89351082	2531.64556962	2551.02040816	31.4198636378	
35	2118.6440678	2183.40611354	3311.25827815	3355.70469799	27.3710140961	
36	2057.61316872	2118.6440678	3236.24595469	1831.5018315	25.453064549	
37	2004.00801603	2070.39337474	3154.57413249	3174.6031746	21.0925964986	
38	1956.94716243	2012.07243461	2096.4360587	2583.97932816	21.9664352869	
39	1642.03612479	1709.4017094	2237.13646532	1485.88410104	20.1861159894	
40	1727.11571675	1876.17260788	2932.55131965	2932.55131965	25.7175187738	
41	948.766603415	970.873786408	1464.12884334	1779.35943061	25.6193477314	
42	1782.5311943	1428.57142857	1547.9876161	2398.08153477	21.3830560664	
43	1642.0361248	1785.71428571	2538.07106599	2754.82093664	22.1116639027	
44	1689.18918919	1560.0624025	2652.5198939	2680.96514745	20.5939289098	
45	1246.88279302	1267.42712294	1937.98449612	1945.52529183	17.6500697178	
46	1158.74855156	1231.5270936	1893.93939394	1908.39694656	17.8450337271	
47	1054.85232068	1127.3957159	1851.85185185	1869.1588785	18.2949140139	
48	1250.0	1179.24528302	2127.65957447	1992.03187251	20.4494795607	
49	793.021411578	733.137829912	1406.4697609	1636.66121113	20.1462618611	
50	1503.7593985	1538.46153846	2358.49056604	2375.29691212	19.5297242403	
51	1464.12884334	1512.85930408	2320.18561485	2331.002331	16.2691569323	
52	753.579502638	767.459708365	1179.24528302	1183.43195266	13.0201552002	
53	1059.3220339	1071.8113612	1776.19893428	2079.002079	13.4714607105	
54	1402.52454418	1430.61516452	2197.8021978	2202.64317181	16.314012105	
55	1024.59016393	1308.90052356	2044.98977505	2159.82721382	15.230668474	
56	1191.89511323	1356.85210312	2100.84033613	2123.14225053	13.9797573114	
57	984.251968504	1004.01606426	1543.20987654	1547.9876161	16.4298036638	
58	677.506775068	688.70523416	1058.2010582	968.992248062	15.6267091713	
59	667.111407605	568.504832291	968.992248062	982.31827112	13.1570291428	
60	1264.22250316	1290.32258065	1980.1980198	1988.07157058	15.906090442	
61	820.344544709	937.207122774	1438.84892086	1424.5014245	13.9304868705	
62	1225.49019608	819.000819001	1572.32704402	1904.76190476	15.2746379911	
63	1114.82720178	1123.59550562	1865.67164179	1890.35916824	12.8516533652	
64	883.392226149	897.666068223	1379.31034483	1385.04155125	13.3431182867	
65	1103.75275938	1184.83412322	1834.86238532	1841.62062615	14.0926450485	
66	970.873786408	1122.33445567	1805.05415163	1375.51581843	14.4828884673	
67	1136.36363636	1156.06936416	1782.5311943	1788.90876565	10.7544227564	
68	1114.82720178	1140.25085519	1754.38596491	1298.7012987	11.6125136447	
69	1018.3299389	1097.69484083	1724.13793104	1133.78684807	13.2429282763	
70	1081.08108108	1070.66381156	1703.57751278	1709.4017094	12.431162438	
71	756.429652042	806.451612903	1245.33001245	1250.0	14.0755858963	
72	979.431929481	1034.12616339	1650.1650165	1661.12956811	12.9424707177	
73	969.932104753	1000.0	1424.5014245	1438.84892086	10.9991640635	
74	579.038795599	707.213578501	1008.06451613	939.84962406	12.4803434591	
75	631.313131313	532.765050613	825.763831544	828.50041425	10.0346194371	
76	553.403431101	710.227272727	1168.22429907	1170.96018735	10.6795390711	
77	631.711939356	693.962526024	1141.55251142	1153.40253749	11.2485939258	
78	949.667616335	919.117647059	1447.17800289	1533.74233129	9.93719691549	
79	742.94205052	827.814569536	1170.96018735	1191.89511323	10.6817065094	
80	952.380952381	969.932104752	1492.53731343	1501.5015015	10.7612508878	
81	911.577028259	953.28884652	1479.28994083	1481.48148148	11.7913404396	
82	934.579439253	892.857142858	1461.98830409	1349.52766532	11.5106588701	
83	925.069380203	931.966449208	1443.001443	1449.27536232	10.717883861	
84	769.23076923	786.163522013	1204.81927711	1239.15737299	11.667522285	
85	464.90004649	471.475719001	729.39460248	771.604938272	9.30319099451	
86	626.56641604	643.5006435	1013.17122594	1030.92783505	10.791910384	
87	868.055555555	895.255147717	1379.31034483	1373.62637363	10.489657198	
88	871.839581517	884.955752212	1364.25648022	1367.98905609	10.9421162053	
89	651.890482399	681.66325835	1117.31843575	853.242320819	9.84271343924	
90	853.242320819	865.051903114	1261.03404792	1329.78723404	10.7297288598	
91	843.88185654	600.961538462	681.66325835	686.341798215	11.1512556314	
92	424.628450106	437.445319335	677.048070413	679.347826087	9.44608176528	
93	806.451612903	522.739153163	641.848523748	668.002672011	10.4771284286	
94	814.99592502	779.423226812	1269.03553299	1278.77237852	9.57973694042	
95	559.284116331	562.746201463	968.992248062	881.834215167	8.3327083802	
96	707.714083511	677.506775068	946.073793756	1100.110011	9.63483957992	
97	703.729767769	672.494956288	971.817298348	1092.89617486	8.70640268854	
98	353.731871242	699.790062981	1079.91360691	1086.95652174	9.91709310167	
99	777.604976672	787.401574803	1164.1443539	931.966449208	8.19047775057	
100	768.049155146	778.816199377	1124.85939258	1203.36943442	9.89697251611	
101	762.195121951	772.2007722	1191.89511323	1194.74313023	7.94281175536	
102	633.71356147	665.335994677	1055.96620908	1025.64102564	8.17260542661	
103	449.438202247	557.724484105	697.350069735	823.723228995	7.60473622972	
104	686.813186813	747.94315632	1157.40740741	1161.44018583	8.73301428721	
105	651.890482399	570.125427594	708.21529745	1000.0	8.21051767314	
106	641.848523748	641.848523748	1000.0	871.080139372	8.96748390337	
107	680.272108844	710.227272727	1123.59550562	1112.34705228	6.84542349212	
108	371.47102526	354.23308537	747.384155456	795.54494829	7.05397703225	
109	488.042947779	621.118012422	829.187396352	972.762645914	7.87748928661	
110	595.238095238	627.352572146	925.069380203	974.658869395	6.77773108674	
111	574.052812859	695.894224078	1084.59869848	1088.13928183	7.55732228957	
112	354.358610914	440.528634361	791.765637371	798.084596967	7.39060063411	
113	361.532899494	471.920717319	663.129973475	550.660792952	6.48908211933	
114	678.42605156	595.947556615	540.832882639	546.448087432	6.51419116545	
115	648.50843061	677.966101695	641.848523749	520.562207184	6.6022725022	
116	514.138817481	670.690811536	1038.42159917	570.776255708	7.13220977255	
117	653.167864141	452.284034373	531.914893617	535.9056806	6.45348649608	
118	512.295081967	546.149645002	874.125874126	1021.45045965	7.70089715452	
119	649.350649351	655.737704918	995.024875621	906.61831369	7.84319877019	
120	627.746390458	577.700751011	977.517106549	1008.06451613	6.91716009075	
121	281.135788586	273.672687466	422.832980973	432.525951557	7.11708313465	
122	628.535512257	360.620266859	504.54086781	495.049504951	7.31443283888	
123	628.93081761	618.429189858	872.60034904	783.085356304	6.54998952002	
124	544.365813827	554.323725055	859.845227859	865.8008658	7.35532083909	
125	618.811881188	604.229607251	755.287009064	965.25096525	6.72535661203	
126	529.100529101	318.775900542	461.254612546	507.35667174	6.71821779118	
127	572.409845449	566.251415629	945.179584121	862.812769628	7.38967219414	
128	515.995872033	541.418516513	469.263256687	501.504513541	7.14403080506	
