	HMAC SHA-224	HMAC SHA-256	HMAC SHA-384	HMAC SHA-512	CMAC AES-128
1	35714.2857143	58823.5294117	58823.5294118	66666.6666666	3436.42611684	
2	52631.5789474	62500.0	62499.9999999	66666.6666667	3731.34328358	
3	52631.5789474	66666.6666666	62500.0	71428.5714286	3787.87878788	
4	55555.5555556	62499.9999999	66666.6666667	71428.5714285	3802.28136882	
5	49999.9999999	66666.6666667	66666.6666667	66666.6666666	3773.58490566	
6	50000.0	66666.6666667	66666.6666666	62500.0	3745.31835206	
7	52631.5789474	66666.6666666	66666.6666666	66666.6666667	3802.28136882	
8	52631.5789474	66666.6666666	66666.6666667	66666.6666666	3773.58490566	
9	49999.9999999	66666.6666667	71428.5714286	66666.6666666	3745.31835206	
10	52631.5789474	66666.6666667	66666.6666666	71428.5714286	3773.58490566	
11	55555.5555556	66666.6666666	62499.9999999	66666.6666667	3731.34328358	
12	55555.5555556	66666.6666666	62500.0	71428.5714285	3802.28136882	
13	55555.5555555	66666.6666667	66666.6666666	71428.5714285	3773.58490566	
14	55555.5555556	66666.6666666	62500.0	66666.6666667	3787.87878788	
15	55555.5555555	71428.5714285	66666.6666667	71428.5714285	3759.39849624	
16	55555.5555555	66666.6666667	62499.9999999	66666.6666667	3731.34328358	
17	37037.037037	52631.5789474	55555.5555556	22222.2222222	3610.10830325	
18	50000.0	62500.0	62500.0	66666.6666666	3731.34328358	
19	52631.5789473	66666.6666667	62499.9999999	66666.6666666	3690.03690037	
20	25641.025641	31250.0	33333.3333333	31250.0	1658.3747927	
21	20000.0	29411.7647059	27777.7777778	32258.0645161	1788.90876565	
22	18867.9245283	28571.4285714	27777.7777778	31250.0	1587.3015873	
23	21739.1304348	27777.7777778	27777.7777778	30303.030303	1602.56410256	
24	23809.5238095	34482.7586207	30303.030303	32258.0645161	1766.7844523	
25	22222.2222222	31250.0	30303.030303	32258.0645161	1636.66121113	
26	22222.2222222	27777.7777778	27027.027027	32258.0645161	1562.5	
27	20833.3333333	31250.0	27027.027027	31250.0	1550.3875969	
28	33333.3333333	55555.5555555	52631.5789474	55555.5555556	1855.28756957	
29	23809.5238095	31250.0	31250.0	34482.7586207	1766.7844523	
30	25000.0	32258.0645161	31250.0	33333.3333334	1697.79286927	
31	22727.2727273	27027.027027	32258.0645161	33333.3333333	1721.17039587	
32	35714.2857143	55555.5555555	50000.0	62500.0	3174.6031746	
33	45454.5454546	58823.5294117	55555.5555556	58823.5294118	2247.19101124	
34	25641.025641	33333.3333333	31250.0	35714.2857142	1709.4017094	
35	33333.3333333	52631.5789474	50000.0000001	58823.5294116	3086.41975309	
36	43478.2608696	55555.5555557	27027.027027	32258.0645162	1459.8540146	
37	19230.7692308	27777.7777778	27777.7777778	31250.0	1636.66121113	
38	21739.1304348	31250.0	27777.7777777	29411.7647059	1652.89256198	
39	22727.2727272	32258.0645161	29411.7647059	33333.3333334	2433.09002433	
40	24390.2439024	47619.0476191	55555.5555555	49999.9999999	3134.79623824	
41	41666.6666667	55555.5555555	58823.5294118	62499.9999999	2762.43093923	
42	23255.8139535	30303.0303031	27777.7777778	31250.0	1663.89351082	
43	24390.2439025	29411.7647059	30303.030303	30303.030303	1686.34064081	
44	24390.2439024	31250.0	28571.4285715	30303.030303	1715.26586621	
45	25000.0	30303.030303	29411.7647059	32258.0645161	1739.13043478	
46	23255.8139535	33333.3333333	31250.0	33333.3333333	2288.32951945	
47	40000.0	55555.5555557	49999.9999999	58823.5294118	3205.12820513	
48	47619.0476191	55555.5555555	58823.5294118	62500.0000002	3289.47368421	
49	47619.0476191	58823.5294118	55555.5555557	55555.5555555	3333.33333333	
50	45454.5454546	58823.5294118	58823.5294118	55555.5555555	3257.32899023	
51	40000.0	55555.5555555	55555.5555555	62499.9999999	3215.4340836	
52	45454.5454545	58823.5294118	58823.5294118	62499.9999999	3267.97385621	
53	45454.5454545	58823.5294118	58823.5294118	58823.5294118	3267.97385621	
54	47619.0476191	55555.5555555	58823.5294118	58823.5294118	2994.01197605	
55	37037.037037	55555.5555555	55555.5555557	55555.5555555	3154.57413249	
56	45454.5454546	55555.5555557	52631.5789474	62499.9999999	3278.68852459	
57	47619.0476191	58823.5294118	58823.5294118	58823.5294118	3333.33333333	
58	45454.5454545	58823.5294118	58823.5294118	62499.9999999	3355.70469799	
59	27027.0270271	34482.7586207	32258.0645161	34482.7586207	3205.12820513	
60	45454.5454546	55555.5555557	55555.5555557	62499.9999999	2525.25252525	
61	24390.2439024	32258.0645161	28571.4285714	33333.3333333	2141.32762313	
62	40000.0	55555.5555555	55555.5555557	62500.0000002	3164.55696202	
63	20408.1632653	26315.7894737	26315.7894737	27027.027027	1481.48148148	
64	33333.3333334	45454.5454546	47619.0476191	49999.9999999	2724.79564033	
65	38461.5384616	47619.0476189	47619.0476191	49999.9999999	2754.82093664	
66	37037.037037	47619.0476191	45454.5454546	49999.9999999	2666.66666667	
67	45454.5454545	55555.5555557	58823.5294118	58823.5294116	3333.33333333	
68	47619.0476191	58823.5294118	55555.5555557	58823.5294116	3367.003367	
69	45454.5454545	58823.5294118	58823.5294118	62499.9999999	3289.47368421	
70	49999.9999999	55555.5555557	58823.5294118	58823.5294116	3333.33333333	
71	47619.0476189	55555.5555557	55555.5555557	62499.9999999	3344.48160535	
72	45454.5454545	58823.5294118	58823.5294118	55555.5555555	3300.330033	
73	45454.5454545	58823.5294118	58823.5294118	58823.5294116	3311.25827815	
74	45454.5454545	55555.5555555	55555.5555555	58823.5294118	3322.25913621	
75	47619.0476189	55555.5555557	58823.5294118	58823.5294116	3333.33333333	
76	45454.5454545	58823.5294118	55555.5555557	62499.9999999	3355.70469799	
77	19230.7692308	52631.5789474	52631.5789474	55555.5555555	3225.80645161	
78	45454.5454545	55555.5555557	58823.5294116	58823.5294118	3311.25827815	
79	45454.5454546	55555.5555555	58823.5294116	62499.9999999	3300.330033	
80	45454.5454546	55555.5555555	58823.5294116	62499.9999999	3333.33333333	
81	47619.0476191	55555.5555557	58823.5294118	62499.9999999	3333.33333333	
82	49999.9999999	55555.5555557	62499.9999999	58823.5294118	3322.25913621	
83	30303.030303	34482.7586207	19230.7692308	23809.5238095	2604.16666667	
84	40000.0	52631.5789474	55555.5555557	62499.9999999	3236.24595469	
85	45454.5454545	52631.5789474	58823.5294116	62499.9999999	3257.32899023	
86	45454.5454545	55555.5555557	55555.5555557	62499.9999999	3267.97385621	
87	47619.0476191	58823.5294118	55555.5555557	62499.9999999	3355.70469799	
88	45454.5454546	58823.5294116	58823.5294118	58823.5294118	2673.79679144	
89	24390.2439025	32258.0645161	52631.5789474	58823.5294118	2898.55072464	
90	41666.6666666	38461.5384616	55555.5555555	62499.9999999	3048.7804878	
91	31250.0	52631.5789474	58823.5294118	62499.9999999	3174.6031746	
92	43478.2608696	58823.5294116	58823.5294118	62499.9999999	3225.80645161	
93	45454.5454545	58823.5294118	58823.5294118	58823.5294118	3333.33333333	
94	47619.0476191	55555.5555557	58823.5294116	58823.5294116	2824.85875706	
95	41666.6666667	55555.5555555	55555.5555555	58823.5294118	3289.47368421	
96	47619.0476191	58823.5294118	55555.5555555	58823.5294118	3333.33333333	
97	50000.0000001	55555.5555555	55555.5555555	58823.5294118	3300.330033	
98	47619.0476191	55555.5555555	58823.5294116	62499.9999999	3344.48160535	
99	47619.0476191	52631.5789474	58823.5294118	62500.0000002	3311.25827815	
100	47619.0476191	55555.5555557	58823.5294118	58823.5294118	3322.25913621	
