	HMAC SHA-224	HMAC SHA-256	HMAC SHA-384	HMAC SHA-512	CMAC AES-256
1	38461.5384616	58823.5294116	52631.5789474	62499.9999999	3086.41975309	
2	45454.5454544	58823.529412	55555.5555557	62499.9999999	3194.88817891	
3	43478.2608696	58823.529412	58823.5294116	58823.529412	3205.12820513	
4	45454.5454546	58823.5294116	58823.5294116	58823.5294116	3184.7133758	
5	45454.5454546	55555.5555557	58823.529412	66666.6666662	3095.9752322	
6	47619.0476189	58823.529412	55555.5555553	66666.6666667	3215.4340836	
7	47619.0476189	58823.5294116	55555.5555557	58823.5294116	3205.12820513	
8	47619.0476189	58823.5294116	55555.5555553	62499.9999999	3184.7133758	
9	27027.0270271	34482.7586206	33333.3333334	32258.0645161	2840.90909091	
10	45454.5454546	58823.529412	55555.5555557	62499.9999999	2433.09002433	
11	41666.6666668	55555.5555557	52631.5789474	62499.9999999	3174.6031746	
12	47619.0476192	52631.5789474	58823.529412	62500.0000004	3225.80645161	
13	37037.037037	58823.5294116	58823.5294116	58823.5294116	3095.9752322	
14	43478.2608696	55555.5555557	58823.529412	62499.9999999	3144.65408805	
15	47619.0476192	58823.5294116	55555.5555557	66666.6666662	3194.88817891	
16	43478.2608696	58823.5294116	58823.5294116	62499.9999999	3194.88817891	
17	47619.0476189	55555.5555553	58823.5294116	66666.6666667	3236.24595469	
18	41666.6666666	62499.9999999	58823.529412	62500.0000004	3184.7133758	
19	47619.0476189	58823.529412	55555.5555557	66666.6666667	2617.80104712	
20	40000.0000001	58823.529412	55555.5555557	55555.5555557	3174.6031746	
21	45454.5454544	58823.529412	52631.5789474	62499.9999999	3164.55696203	
22	45454.5454546	58823.529412	58823.529412	62499.9999999	3205.12820513	
23	45454.5454544	58823.5294116	58823.5294116	66666.6666667	3164.55696203	
24	47619.0476189	62499.9999999	58823.5294116	62499.9999999	3194.88817891	
25	49999.9999999	58823.529412	55555.5555553	58823.5294116	3184.7133758	
26	45454.5454546	58823.5294116	58823.5294116	58823.529412	3194.88817891	
27	45454.5454546	62499.9999999	62499.9999999	58823.529412	3236.24595469	
28	45454.5454546	55555.5555557	58823.5294116	62499.9999999	3215.4340836	
29	45454.5454544	55555.5555557	58823.5294116	62499.9999999	3246.75324675	
30	47619.0476189	58823.529412	58823.529412	62499.9999999	3257.32899023	
31	47619.0476192	58823.529412	58823.529412	62499.9999999	3184.7133758	
32	45454.5454546	62500.0000004	58823.529412	58823.5294116	3257.32899023	
33	45454.5454544	58823.5294116	58823.529412	58823.529412	3257.32899023	
34	47619.0476192	58823.5294116	55555.5555557	62499.9999999	3236.24595469	
35	47619.0476189	62499.9999999	58823.5294116	62499.9999999	3225.80645161	
36	45454.5454546	58823.5294116	58823.5294116	66666.6666667	3194.88817891	
37	47619.0476189	58823.5294116	55555.5555553	62499.9999999	3246.75324675	
38	49999.9999999	58823.5294116	55555.5555553	26315.7894737	2840.90909091	
39	37037.037037	58823.529412	55555.5555553	58823.5294116	2242.15246637	
40	38461.5384614	55555.5555553	55555.5555557	52631.5789474	2958.57988166	
41	43478.2608696	55555.5555557	55555.5555553	58823.5294116	3164.55696202	
42	47619.0476189	62499.9999999	55555.5555557	62499.9999999	3225.80645161	
43	45454.5454546	58823.5294116	55555.5555557	62500.0000004	3215.4340836	
44	43478.2608696	58823.529412	58823.529412	58823.529412	3225.80645161	
45	45454.5454546	58823.529412	58823.5294116	58823.529412	3236.24595469	
46	45454.5454546	58823.529412	58823.529412	58823.5294116	3257.32899023	
47	45454.5454546	55555.5555557	58823.529412	62500.0000004	3184.7133758	
48	47619.0476192	55555.5555557	58823.529412	62500.0000004	3246.75324675	
49	47619.0476189	62499.9999999	55555.5555553	62499.9999999	3236.24595469	
50	45454.5454546	55555.5555557	55555.5555557	62500.0000004	3236.24595469	
51	45454.5454546	58823.5294116	55555.5555557	62500.0000004	3257.32899023	
52	45454.5454544	58823.5294116	55555.5555557	66666.6666667	3236.24595469	
53	47619.0476192	62499.9999999	58823.5294116	58823.5294116	3215.4340836	
54	45454.5454546	58823.529412	58823.529412	58823.529412	3225.80645161	
55	45454.5454546	58823.529412	58823.529412	58823.5294116	3236.24595469	
56	45454.5454546	23255.8139535	43478.2608696	66666.6666667	3125.0	
57	47619.0476192	62499.9999999	55555.5555557	66666.6666667	3184.7133758	
58	47619.0476189	58823.5294116	58823.5294116	62499.9999999	3225.80645161	
59	45454.5454546	58823.5294116	62499.9999999	58823.5294116	3164.55696203	
60	47619.0476189	58823.5294116	58823.5294116	58823.529412	3215.4340836	
61	38461.5384616	58823.529412	55555.5555553	58823.5294116	2881.8443804	
62	23809.5238095	31250.0000001	30303.0303031	33333.3333334	1683.5016835	
63	27027.0270271	33333.3333334	33333.3333332	34482.7586208	1828.1535649	
64	37037.037037	58823.5294116	52631.5789474	62499.9999999	3134.79623824	
65	45454.5454546	55555.5555553	58823.5294116	62499.9999999	2463.05418719	
66	25000.0	32258.0645161	33333.3333334	31250.0	1652.89256198	
67	17543.8596491	33333.3333334	32258.0645161	35714.2857144	2325.58139535	
68	41666.6666666	55555.5555553	58823.5294116	43478.2608696	1949.31773879	
69	35714.2857142	58823.5294116	52631.5789474	47619.0476192	3003.003003	
70	43478.2608696	55555.5555553	58823.529412	62499.9999999	3115.26479751	
71	43478.2608696	58823.5294116	58823.5294116	62499.9999999	3184.7133758	
72	43478.2608696	62500.0000004	62499.9999999	58823.5294116	3174.6031746	
73	45454.5454546	58823.5294116	58823.5294116	62499.9999999	3184.7133758	
74	47619.0476189	58823.529412	58823.529412	62499.9999999	3205.12820513	
75	47619.0476192	58823.529412	55555.5555557	66666.6666667	3225.80645161	
76	45454.5454544	58823.5294116	58823.5294116	58823.5294116	3154.57413249	
77	45454.5454546	55555.5555557	58823.5294116	66666.6666667	3164.55696203	
78	47619.0476189	58823.5294116	55555.5555557	62500.0000004	3236.24595469	
79	45454.5454546	62499.9999999	58823.5294116	58823.5294116	3225.80645161	
80	47619.0476189	58823.529412	58823.529412	62499.9999999	3215.4340836	
81	47619.0476192	58823.5294116	55555.5555557	66666.6666667	3246.75324675	
82	45454.5454546	58823.5294116	58823.5294116	62499.9999999	2747.25274725	
83	45454.5454546	62500.0000004	55555.5555557	62499.9999999	3215.4340836	
84	45454.5454544	62499.9999999	62499.9999999	58823.529412	3246.75324675	
85	45454.5454546	62500.0000004	58823.529412	62499.9999999	3236.24595469	
86	47619.0476189	58823.5294116	58823.5294116	62499.9999999	3225.80645161	
87	47619.0476192	58823.5294116	55555.5555557	66666.6666667	3225.80645161	
88	45454.5454544	58823.5294116	58823.529412	58823.529412	3215.4340836	
89	49999.9999999	55555.5555553	58823.5294116	62499.9999999	3225.80645161	
90	47619.0476189	58823.5294116	58823.5294116	62499.9999999	3267.97385621	
91	45454.5454546	62499.9999999	58823.5294116	62499.9999999	3225.80645161	
92	47619.0476192	58823.529412	62499.9999999	58823.5294116	2283.10502283	
93	41666.6666668	58823.529412	58823.529412	58823.529412	3174.6031746	
94	24390.2439025	20000.0	38461.5384614	55555.5555553	3095.9752322	
95	45454.5454546	62499.9999999	55555.5555557	62499.9999999	3184.7133758	
96	20408.1632653	29411.7647059	52631.5789474	62499.9999999	3154.57413249	
97	47619.0476189	62499.9999999	58823.5294116	58823.5294116	2958.57988166	
98	43478.2608696	58823.5294116	58823.5294116	58823.529412	3215.4340836	
99	45454.5454544	55555.5555557	58823.5294116	62499.9999999	3174.6031746	
100	45454.5454546	55555.5555557	58823.5294116	62499.9999999	3215.4340836	
