	HMAC SHA-224	HMAC SHA-256	HMAC SHA-384	HMAC SHA-512	CMAC AES-192
1	13888.888889	19607.8431376	21739.1304351	23809.5238092	553.403431101	
2	11904.7619049	13513.5135136	16949.1525423	17543.8596491	287.191269385	
3	11235.9550561	12195.1219511	16393.4426233	16393.4426233	240.55809478	
4	10309.2783505	7299.27007297	8264.46280991	8695.65217384	191.35093762	
5	9615.38461552	11235.9550563	15625.0	16393.4426233	197.706603401	
6	8620.68965516	10000.0	13513.5135136	14285.7142855	153.303694619	
7	7751.93798443	8620.68965516	12048.1927711	12658.2278482	118.245240629	
8	5000.00000001	7352.9411764	10752.6881721	11235.9550563	107.077845594	
9	6211.18012421	7194.24460437	11111.1111111	11363.6363637	125.754527163	
10	6896.55172415	7142.85714286	10309.2783505	10526.3157895	66.4893617021	
11	3164.55696203	3389.83050848	4587.15596333	6134.96932513	85.1643672288	
12	5649.7175141	6060.60606064	8849.55752221	9009.00900898	74.8615062135	
13	5347.59358288	5617.97752809	8264.46280991	8403.36134455	85.2660300136	
14	4950.49504951	5235.60209422	7692.30769228	7874.01574798	52.7648796961	
15	2415.4589372	2544.52926208	3773.58490565	3831.41762452	44.501802323	
16	4329.00432898	4608.29493089	6849.31506845	6944.44444442	48.8042947779	
17	3906.25000002	4310.34482761	6493.5064935	6535.94771245	47.2612127227	
18	3906.25	4132.23140496	6172.83950619	6172.83950619	60.5987153072	
19	3759.39849624	3921.56862746	5882.35294115	5952.38095237	41.9269632301	
20	3278.6885246	3745.31835207	5617.97752809	5617.97752809	34.9699258638	
21	2932.55131966	3154.5741325	4761.90476188	4807.69230768	34.6236410221	
22	2840.90909091	2976.1904762	4424.77876107	4504.50450449	39.1634683168	
23	1642.0361248	1697.79286927	2557.54475704	2590.67357514	37.3412994772	
24	2577.31958763	2754.82093664	4201.68067225	4255.31914894	40.6239844004	
25	1824.81751825	1631.32137031	2415.4589372	2444.98777505	30.9415514094	
26	1457.72594752	1510.57401813	2288.32951944	2304.14746544	29.6868042155	
27	2487.56218905	2801.12044818	4237.28813558	4291.84549357	31.3873195229	
28	1362.39782016	1406.4697609	2127.65957447	2141.32762312	27.714649964	
29	2518.89168766	2617.80104712	3952.56916995	4000.00000001	35.8615743231	
30	2457.00245701	2531.64556963	3846.15384614	3875.96899224	26.8247538829	
31	1237.62376237	1275.51020408	1941.74757282	1949.31773879	28.6557583746	
32	1718.21305842	1766.78445229	2673.79679144	2309.46882217	23.8418806475	
33	1949.31773879	2036.6598778	3095.9752322	3058.10397553	29.7486241261	
34	1128.66817156	1164.1443539	1776.19893428	1754.38596491	23.6501667337	
35	1855.28756957	2178.64923747	2544.52926208	3300.330033	30.4859459789	
36	2061.8556701	2127.65957447	3236.2459547	3257.32899022	29.2765758117	
37	1048.21802935	1072.96137339	1636.66121113	1647.44645799	23.5793444942	
38	1766.78445229	1984.12698412	3030.3030303	3086.41975309	27.7847239588	
39	1912.0458891	1751.31348511	2958.57988166	3021.14803626	24.9128051819	
40	1862.19739293	1773.04964539	2898.55072464	2949.85250737	22.3025112628	
41	1096.49122807	1315.78947368	2074.68879667	2127.65957447	25.1079642463	
42	1326.25994695	1356.85210312	2070.39337474	2070.39337474	21.0748155954	
43	1739.13043478	1788.90876566	2732.24043716	2739.72602741	18.2149362477	
44	1692.04737733	1748.25174825	2666.66666667	2688.17204301	21.961128802	
45	1666.66666667	1709.4017094	2617.80104713	2631.57894737	20.9463563813	
46	1631.32137031	1672.24080268	2481.38957816	1945.52529183	20.8285601216	
47	1420.45454545	1457.72594752	2092.05020921	2217.29490022	19.129237126	
48	1394.70013947	1385.04155124	2164.50216451	2192.98245614	17.7818873695	
49	1127.3957159	1160.09280743	1779.3594306	1792.11469534	19.333384889	
50	783.699059561	797.448165868	1225.49019608	1112.34705228	18.5130331754	
51	1315.78947368	1342.28187919	2057.61316872	2070.39337474	19.123384074	
52	1453.48837209	1485.88410104	2277.90432802	2288.32951945	14.2446084157	
53	1060.44538706	1081.08108108	1655.62913908	1663.89351081	18.6393289842	
54	713.26676177	733.137829912	1132.50283126	884.955752213	17.0715468529	
55	1021.45045965	989.119683482	1805.05415162	2036.6598778	18.5973852076	
56	1165.5011655	961.538461539	1533.74233129	1569.85871271	15.0813639586	
57	1317.52305666	1353.17997294	2070.39337474	2087.68267223	13.1347361232	
58	1164.1443539	1165.5011655	1811.5942029	1828.1535649	15.2051940943	
59	1133.78684807	1165.5011655	1788.90876566	1798.56115108	16.2757767614	
60	1243.78109453	1290.32258065	1976.28458498	1992.03187251	14.0463247791	
61	1245.33001245	1270.6480305	1945.52529183	906.61831369	12.9726924823	
62	853.24232082	925.925925926	1414.427157	1426.53352354	15.275804653	
63	938.967136151	1183.43195266	1858.73605948	1901.14068441	11.6540608575	
64	599.880023995	631.711939356	1207.7294686	1381.21546961	12.5659713496	
65	1123.59550562	1191.89511323	1828.1535649	1488.0952381	16.0143488566	
66	545.256270447	520.291363164	946.96969697	1160.09280743	13.633636909	
67	1138.95216401	1074.11385607	1501.5015015	1406.4697609	11.5823855081	
68	1038.42159917	1101.3215859	1626.01626016	1748.25174825	14.499267787	
69	911.577028259	996.015936255	1703.57751278	1733.10225303	11.1989607364	
70	571.102227299	703.72976777	1242.23602485	1264.22250316	11.4596106024	
71	555.555555556	566.57223796	872.600349041	875.656742557	11.8388028603	
72	552.181115406	577.034045009	1040.58272633	1183.43195266	11.8365607689	
73	1044.93207942	1062.69925611	1633.9869281	1644.73684211	12.6715409861	
74	1020.40816327	1044.93207942	1605.1364366	1615.5088853	10.6068159399	
75	757.002271007	765.110941086	1144.16475973	1183.43195266	10.6146971096	
76	1006.0362173	1022.49488753	1572.32704402	1579.77883096	10.7297288598	
77	763.941940413	956.02294455	1552.79503106	1029.8661174	10.3404061712	
78	524.383848978	513.083632632	793.650793651	669.344042838	11.1524992751	
79	853.970964988	653.594771242	1295.33678757	1331.55792277	11.8776130749	
80	927.643784787	969.932104753	1492.53731343	1503.7593985	11.8345996355	
81	492.125984252	498.256103637	627.746390458	733.137829912	12.6425446914	
82	919.963201472	948.766603416	1459.8540146	1468.4287812	11.9391580506	
83	924.214417745	831.255195345	1269.03553299	1138.95216401	10.6797671811	
84	786.163522012	812.347684809	1218.02679659	1264.22250316	10.9978334268	
85	663.129973475	472.366556448	945.179584121	1021.45045965	9.26260408851	
86	682.593856655	769.230769232	1338.68808568	1398.6013986	9.09909827936	
87	871.080139372	891.265597148	1377.41046832	1383.12586446	8.83048991558	
88	589.275191514	815.660685156	1329.78723404	1366.12021858	10.6917566556	
89	856.898029134	872.60034904	1347.70889488	1351.35135135	8.04013636071	
90	672.494956287	843.170320404	1207.7294686	1331.55792277	8.39870324022	
91	411.692054343	441.501103753	894.454382828	979.431929483	8.45515806918	
92	836.120401338	735.294117646	1060.44538706	1308.90052356	9.24035076372	
93	606.428138265	567.214974475	943.396226416	1136.36363636	10.1800857163	
94	813.669650121	825.082508252	1270.64803049	1277.13920818	9.75781112781	
95	420.698359277	550.055005501	884.955752213	749.063670411	10.1074421096	
96	783.085356303	804.505229285	1240.69478909	1250.0	8.95118916548	
97	787.401574802	800.640512411	1081.08108108	1183.43195266	9.2936802974	
98	449.64028777	410.846343467	557.413600892	623.441396509	9.00665591872	
99	635.324015247	778.210116732	1212.12121212	1216.54501217	9.37708053974	
100	735.294117648	579.710144929	1173.70892019	1204.81927711	9.71241538058	
101	763.358778626	771.604938272	1190.47619048	1194.74313023	8.10504133571	
102	754.147812972	697.350069735	1165.5011655	1179.24528302	8.48169226724	
103	748.502994013	755.857898713	1166.86114352	1172.33294256	8.89553088528	
104	741.289844328	749.625187406	1156.06936416	1161.44018583	8.64924708304	
105	734.753857456	665.778961384	871.080139372	940.733772344	9.10398572495	
106	667.111407606	710.732054015	1132.50283126	1138.95216401	8.56802584117	
107	532.481363152	539.083557952	1029.8661174	1127.3957159	8.06627249482	
108	712.250712252	722.02166065	1116.07142857	1118.56823266	9.15206150185	
109	584.795321638	602.409638554	970.873786408	973.709834469	7.92776223056	
110	532.481363153	676.132521974	1090.5125409	870.322019149	8.73225169842	
111	489.476260401	520.562207183	803.212851405	805.801772764	8.19376618269	
112	593.824228028	689.655172415	1070.66381157	1076.4262648	8.75082038941	
113	590.667454222	636.942675159	1025.64102564	801.282051282	7.4880565498	
114	665.335994677	683.06010929	1058.2010582	1061.57112526	7.49097337708	
115	483.09178744	578.034682081	1048.21802935	744.601638124	6.11456244191	
116	363.108206246	486.381322957	552.181115406	505.305709955	6.55699007927	
117	656.598818123	485.908649174	531.067445566	477.783086478	7.16537689882	
118	476.190476191	446.428571428	855.431993156	1024.59016393	6.26586045929	
119	622.277535781	537.634408602	522.466039708	563.380281689	6.61165767481	
120	559.284116332	645.994832041	960.614793467	1004.01606426	6.23596906959	
121	520.291363163	365.096750639	706.713780918	735.835172921	6.74722857586	
122	616.522811344	533.049040512	979.431929479	990.0990099	7.18323719768	
123	460.405156538	469.263256687	841.042893187	978.473581214	7.44003333135	
124	554.938956714	530.50397878	874.890638671	641.025641027	6.44292534582	
125	530.50397878	548.847420417	958.772770854	967.117988394	6.24777423043	
126	315.357931252	385.951370128	697.836706211	710.227272727	6.84326861882	
127	303.582270795	413.907284768	702.740688685	705.716302047	7.15455995879	
128	604.594921403	500.0	928.505106776	945.179584121	6.65849890801	
