1	35448.4225452	26062.0276257	32425.4215305	32226.8772156	832.805889603	898.763301697	934.771635289	
2	19387.3594416	23843.5860753	26322.7165043	25974.025974	474.192095218	439.985920451	414.200448165	
3	17286.0847018	12431.6260567	17799.9288003	16869.0958165	309.59752322	292.453244038	267.760557799	
4	12693.57705	14615.6094709	17898.6933954	17205.7811425	234.694404416	211.28159188	247.71667158	
5	12294.0742562	12152.1448536	13159.6262666	12214.4863809	176.5779892	177.998971166	184.962545085	
6	10828.3703303	10811.9796735	14411.298458	11695.9064328	138.210314636	145.249400483	146.268115306	
7	6721.78530618	8642.29539365	12012.012012	9823.1827112	125.565831026	126.013622073	125.594848602	
8	7068.63646003	6657.78961385	9655.30559042	9931.47283743	118.264259122	117.706604518	110.849260525	
9	5058.93661153	5980.5035584	7961.14958999	8395.60070523	96.2378692166	102.432148945	104.601088061	
10	6508.29808005	5375.47707359	10039.1526955	10039.1526955	89.9382483986	92.3174353478	83.5414908814	
11	4515.28423714	5471.65681767	7739.33906044	7463.24352565	76.8323556416	74.5433659759	73.7534378321	
12	4070.66677522	4477.27781508	6019.02010352	7051.19165138	73.644589737	75.730496368	78.7268297099	
13	4185.15108396	4819.50937395	7877.73751379	6080.50589809	72.8174074382	71.7242803903	71.8002402436	
14	4505.92529176	4492.7666457	7033.83273547	7215.52781587	68.7661901399	70.3368431418	66.2471016893	
15	4797.77383293	4630.05833874	7065.63979369	7043.24552753	65.2367212285	66.31268953	61.9985864322	
16	3941.81875517	4087.13777742	6593.69642623	6262.13288243	62.3119347918	59.2349334466	60.6937907217	
17	4171.88151857	4219.76538105	6333.12222928	6328.71337256	56.9712272514	56.6202682442	59.2758740672	
18	4045.96212979	4046.94455687	6032.81853282	5646.20857095	53.8917089223	51.676114783	49.4334677429	
19	2802.45495053	3156.16715061	4931.20962571	5700.60426405	49.0204008202	49.1992332791	52.5216980265	
20	3436.18995258	2820.39711192	5478.55147097	5465.07815062	51.4532454649	50.1511555829	51.1590596556	
21	3051.66468309	3266.15932325	5236.97302957	3873.86689394	47.2214876657	48.3885640403	47.4300726581	
22	3324.91022743	3317.29971802	4956.87518587	5019.57634778	45.9203236464	41.85790497	45.5936475283	
23	2793.45214816	2591.94940515	4750.14250427	4824.15939022	43.5058776441	43.5823088948	42.2245408187	
24	2650.34056876	2607.22200495	4399.66562541	4172.22963951	38.4440759793	39.3298508061	41.610302045	
25	2922.18228573	2378.51723236	4131.03647705	4180.77678834	39.7713623919	36.7132129018	37.8919926641	
26	2603.42089505	2521.75009457	4299.96560029	4248.08836025	38.6459539812	36.9923311198	36.8091746132	
27	2171.83563548	2697.23533379	3508.89504895	3974.72077586	34.5701256728	31.1082339451	36.1604540596	
28	2599.69843498	2264.49275362	3718.30147988	3983.11160679	34.7798867915	33.8525868793	35.2412847422	
29	2550.89026071	2442.41994968	3860.25863733	3118.76247506	33.2767296163	32.0130100873	31.1430625091	
30	2211.16639028	2455.61476316	3699.59304475	3440.68263145	27.507841798	24.8836750401	32.3470292812	
31	1860.39589225	2125.26300129	3544.46531741	3520.01126403	32.1607729906	31.8457950175	31.7701064267	
32	2192.93436547	2143.34705076	3216.98568441	3048.78048781	30.4059036102	31.5491649567	30.9924527179	
33	1998.12176554	2092.31284262	3052.5962331	2845.92179405	30.6978982991	29.1555219684	28.9523505111	
34	1816.79444788	1859.01249256	2986.94704143	2529.66026663	28.0477372488	28.1887303148	27.3538613121	
35	1780.46826315	1977.33968719	2771.31138455	2770.31332244	25.7551672592	26.0191641552	26.4380934856	
36	1862.75240295	1971.06476919	2274.12275715	2860.24826955	26.7200354842	24.7006954975	24.7605469407	
37	1778.97957731	1789.45296423	2697.59913677	2677.94976165	24.5659986435	25.6843531691	26.1504703293	
38	1873.00992696	1788.90876565	2823.42311819	2716.94832365	24.6151119557	24.9518180394	22.6919145985	
39	1871.15244279	1639.20990083	2325.04068821	2106.77116252	25.4164614287	23.8667471772	22.360139563	
40	1644.30413049	1738.73732895	2684.996241	2303.24527258	23.9115749957	24.240561392	23.0110936482	
41	1687.1372655	1391.53667395	2381.1224611	2682.04371732	23.0486972876	23.6007136856	22.7903398131	
42	1461.0697953	1734.78592742	2521.24145929	2699.41962478	21.2662069763	23.1864648548	21.5915754854	
43	1604.10651268	1684.46585588	2632.20236372	2261.16449971	22.2655311543	22.0812798663	22.5755955103	
44	1496.96116883	1513.29429034	2553.03939338	2268.13944521	22.0218915219	21.1726380916	22.1928438287	
45	1257.89328033	1418.25866202	1888.11056775	1916.73694703	19.96935104	21.7290736527	21.1149049903	
46	1378.3407534	1368.1949404	2189.18978087	2224.49615162	21.0922183424	18.2311649733	20.1174173179	
47	1245.70232697	1288.77604938	1904.14532438	1928.04534763	19.3226745596	20.2195315418	19.5320511193	
48	1158.15806541	968.738798961	1435.93572752	1674.34072834	19.1313121612	19.3103203235	19.5925148756	
49	1371.30946341	1282.59391794	2151.18530311	1777.99903989	19.7133443176	19.7054702188	20.090342251	
50	1485.92825938	1472.08196552	2130.92396864	1955.76069313	19.5816574698	19.1014195602	17.3888033843	
51	1356.50239423	1363.45663526	1918.83334933	2055.54070998	19.1891840548	18.6672341506	19.0238193437	
52	1267.39499632	1260.27121036	1725.83400929	2171.64697703	18.5616640755	18.0604976101	18.4141783281	
53	1308.93478887	1197.16033568	1909.63602337	2095.9527153	18.0510530714	17.6197171683	17.1189961968	
54	1213.25358213	1353.80283216	2142.15329249	1828.45440749	17.9918924934	16.8470792303	16.510218587	
55	1157.31364357	1228.45595372	1464.98681512	1471.73532311	17.4624753233	16.4778986065	16.8540102263	
56	1095.96247425	1138.03188765	1896.23786408	1757.80906677	17.0830167993	17.0569495727	17.6503002493	
57	1189.96620497	1282.34720833	1971.68658069	1933.33848891	15.9249539729	13.3416816683	12.7489243414	
58	991.522482774	1004.01606426	1492.24777282	1540.80830806	14.0992536701	14.723370686	13.5149892042	
59	1019.00443267	991.974922875	1445.23289928	1491.55778294	13.7301700303	13.2727987528	13.2543128871	
60	950.678784648	947.795427834	1474.46955958	1389.73817333	13.4963749412	13.2505650041	13.229970222	
61	891.01941531	995.213025347	1530.87780535	1395.08928571	13.0278340978	13.3332515561	13.2536348093	
62	921.752435733	943.387326534	1452.20081033	1653.73993286	13.1449279573	12.6005444695	12.2482119754	
63	873.843249992	884.306217554	1273.75554084	1304.35916835	12.1464915466	12.7282541914	12.7403466394	
64	854.759299777	871.429318366	1364.42400841	1312.49097663	12.675758904	12.7226981077	12.8139317166	
65	843.348091917	834.884827638	1205.22585933	1259.54102326	12.6810923391	12.6698729047	12.5947709282	
66	880.506467319	910.307410815	1481.52537852	1384.79221194	13.4160225411	13.3629152643	13.1439880516	
67	969.367972085	994.678470182	1399.3451065	1288.06223918	13.3974050834	13.4590860608	10.5486489449	
68	889.956837093	912.933529303	1215.18495115	1394.27232927	12.4765876832	12.4583393133	11.698548526	
69	744.352227471	826.767422051	1297.5890795	1307.06994131	11.6596510546	11.810221085	11.8159816824	
70	772.463230752	780.5974693	1320.09715915	1160.6044428	11.4747655562	11.902261013	11.9574915957	
71	874.393389586	798.173778395	1359.98912008	1368.60689504	11.8160096059	12.0453642874	12.2995798833	
72	820.681165372	839.214830603	1443.29301735	1430.81985977	12.0716044116	12.0469140565	12.2142372325	
73	854.868905853	864.730247402	1218.82846208	1223.19670225	11.7841969441	12.0070894659	11.9703666392	
74	787.054527135	835.854828735	1149.6367148	1160.10626574	11.7454999173	11.6981831318	11.5778047	
75	874.148797602	837.149339073	1286.07438653	1198.45160053	11.8363618243	11.3535394546	11.5786854464	
76	818.069519557	809.965819441	1342.6423201	1306.47226359	11.6850263749	11.5995245587	11.3024592343	
77	795.77918719	802.819502092	1284.76906277	1248.29919236	11.2788285448	11.2417932099	11.1836945313	
78	788.05932512	894.262412354	1371.5915949	1266.03111905	11.2161818098	11.1667887197	11.0688404393	
79	731.828693545	830.702774542	1207.33577215	1217.32990857	10.9687838284	11.0362826622	10.8194031714	
80	775.771116493	781.073038139	1168.55193045	1190.37699241	10.9913976925	10.6878611228	10.6916057637	
81	727.86030904	715.450877147	1075.48854066	1133.43987667	10.2566343244	10.2664524263	10.3309114922	
82	688.985193704	776.023963618	1307.77077395	1181.1256127	10.4605574222	10.6440003389	10.5064177402	
83	749.484729246	768.462306914	1260.22356369	1201.64866196	10.3000231957	10.463272918	10.1152501254	
84	760.710808179	709.51171404	1059.86094624	1097.58640747	10.0199738158	10.316899029	10.1369378662	
85	771.640662375	786.670652464	1137.83765334	1054.61870262	10.3933195899	10.2831432649	10.1869758292	
86	763.556953714	774.821403661	1038.74519581	1187.2959335	10.1172334425	10.1871584755	10.0844725846	
87	766.730049679	750.818392052	1153.72190687	923.403665901	10.176062157	10.1509352716	10.5874409869	
88	761.748059446	787.252802618	1091.53622807	1165.84086272	10.2323835703	10.3291497178	10.1327275854	
89	686.360641331	728.008677862	1118.58074474	1002.67714799	9.771668357	9.65741666422	9.91397740942	
90	683.270130851	640.442673975	1179.89923661	1168.63386701	10.1757069852	9.93763438787	10.0077249629	
91	679.583279533	623.421963158	1098.8890232	1076.13666935	9.79877529027	9.83201317254	9.83683929762	
92	692.003210898	704.324552759	1058.87335874	985.784980574	9.29049079247	9.64289561112	9.67224626313	
93	710.091104689	631.078070662	1044.57188221	1084.06959726	9.64147035508	9.72149378529	9.55081832844	
94	708.471190017	725.273609472	1125.3784085	988.239944658	9.52291981102	9.67702166047	9.58893850738	
95	645.469449933	662.032439588	1077.43527309	978.444859743	9.51719190304	9.5914658973	9.5045271013	
96	638.092868038	700.726653542	1085.63487928	1021.2209718	9.54502219933	9.41921408527	9.26101456452	
97	657.786548279	627.309282293	949.027721084	1114.16888571	8.80493132506	9.63571411915	9.38355046713	
98	647.76908328	702.65674515	1152.0206442	980.24800275	9.64482823574	9.76157642431	9.77715612446	
99	716.111799371	685.274143915	989.29581923	946.853133611	9.84110163653	9.79248452273	9.67141091281	
100	716.019504375	667.89113375	978.186442336	1069.43865165	9.78368277387	9.82649746486	9.71629676563	
101	673.169483884	679.606371986	880.459952282	940.609891471	9.77015610071	9.67828790313	9.50853790636	
102	637.38519099	732.144818242	1106.99064593	1114.1688857	9.70731475289	9.6577169891	9.61684008714	
103	653.680219642	651.245180788	991.0999227	1033.43150933	9.34641457517	9.13309485605	9.27435843003	
104	697.583570515	649.975300942	1039.61991495	1038.01199943	9.46451747666	9.40452698192	9.53829865367	
105	648.12174319	616.496205468	990.834778288	1020.98116288	9.24260887054	8.72857331644	8.61038317497	
106	617.341111833	612.835220864	1006.85669409	994.480632492	9.31525949425	9.12696475029	9.22354790227	
107	636.411656521	673.563961633	1041.14609362	1069.8619878	9.24509628537	9.16991793749	9.10772775217	
108	517.250297421	559.976257012	919.320438337	989.981388342	9.14782435921	9.06148808664	8.59209058538	
109	595.294789975	554.240773274	843.88185653	700.716833326	8.39426450126	7.80188577821	8.01024285775	
110	556.885894082	522.862147396	932.287927803	911.203243884	7.87008442397	7.89511622322	8.11294517758	
111	555.987990666	568.572711919	829.737802861	909.396797098	7.54525986403	7.74153671981	7.93832934207	
112	549.17897742	569.820050828	860.82225742	822.294035892	7.95656542759	7.9331564927	8.66324185614	
113	622.471210707	637.649369369	1039.83612178	1031.19360663	8.6238641293	8.32789313714	7.76631288782	
114	600.88570553	582.927227355	906.618313673	927.652390125	8.22392430042	8.57835326328	8.77685872364	
115	580.656025173	619.386807064	852.500383631	871.080139364	8.30918062256	8.04551832447	6.98425323282	
116	512.560289905	497.601560475	756.206565375	780.603562679	7.04640345578	7.0563896561	6.93727785102	
117	512.360701933	501.162697457	804.712395807	807.669630801	7.06307067845	7.04202887049	6.99932400529	
118	474.250565534	520.602858107	797.50540311	772.290226678	6.94661188383	6.99646853251	6.78288967243	
119	472.172512953	482.856190945	763.889419381	739.311405353	6.95022036716	7.35870964732	7.41664305084	
120	559.700448325	523.941507174	761.4986293	820.485891759	7.26123076409	7.23320190123	7.4158290426	
121	512.781068126	480.635207484	812.836311013	826.432620962	7.38283786985	7.32630789249	7.50695519399	
122	500.503005515	544.579258058	784.221464135	839.221873498	7.06337949228	7.94461396485	8.26969663941	
123	578.235226104	575.662155394	941.229622358	962.6028782	8.54643367151	7.50523452582	7.56312715341	
124	574.181360928	507.441631524	808.015513883	838.658816809	7.43471981441	8.35344913497	8.29045372493	
125	593.711408749	577.583966272	935.121285255	904.42080891	7.97242243411	7.85654514241	8.05662842991	
126	596.566165167	584.42621035	935.78634129	897.198944881	8.39341127287	8.2178870859	8.31098164079	
127	553.949103156	562.069314391	819.00752669	874.806449099	8.20296363232	8.29009083784	8.22168693559	
128	569.592855027	587.323215716	916.464280788	827.876249056	8.15478632543	8.23787354123	8.20719288233	
